# Temperatura_=_20.0
# Concentracion g/m^3_=_11460.0
# C_Vs_to_Am_M_A/Vsm_=_116720831517.84952
# pendiente_HvsI_1/m_=_3716.3
# ordenada_HvsI_A/m_=_1297.0
# frecuencia_Hz_=_135072.0070062743
# Promedio de 23 ciclos

Tiempo_(s)	Campo_(V.s)	Magnetizacion_(V.s)	Campo_(kA/m)	Magnetizacion_(A/m)
0.000000e+00	-1.067459e-09	-6.049113e-09	-1.056394e+01	-8.641001e+02
1.000000e-08	-1.067465e-09	-6.124019e-09	-1.056411e+01	-8.643232e+02
2.000000e-08	-1.067333e-09	-6.072749e-09	-1.056284e+01	-8.645010e+02
3.000000e-08	-1.067108e-09	-6.037963e-09	-1.056062e+01	-8.646350e+02
4.000000e-08	-1.066803e-09	-6.083955e-09	-1.055762e+01	-8.647269e+02
5.000000e-08	-1.066451e-09	-6.016904e-09	-1.055415e+01	-8.647781e+02
6.000000e-08	-1.066096e-09	-5.964459e-09	-1.055061e+01	-8.647901e+02
7.000000e-08	-1.065714e-09	-6.037281e-09	-1.054684e+01	-8.647641e+02
8.000000e-08	-1.065241e-09	-6.029648e-09	-1.054219e+01	-8.647015e+02
9.000000e-08	-1.064609e-09	-5.961384e-09	-1.053601e+01	-8.646034e+02
1.000000e-07	-1.063809e-09	-5.989436e-09	-1.052821e+01	-8.644707e+02
1.100000e-07	-1.062917e-09	-6.016239e-09	-1.051943e+01	-8.643043e+02
1.200000e-07	-1.061978e-09	-5.986219e-09	-1.051012e+01	-8.641050e+02
1.300000e-07	-1.061007e-09	-6.024356e-09	-1.050049e+01	-8.638733e+02
1.400000e-07	-1.060002e-09	-6.101117e-09	-1.049053e+01	-8.636096e+02
1.500000e-07	-1.058950e-09	-6.121720e-09	-1.048013e+01	-8.633140e+02
1.600000e-07	-1.057820e-09	-6.078100e-09	-1.046897e+01	-8.629869e+02
1.700000e-07	-1.056564e-09	-6.054466e-09	-1.045656e+01	-8.626279e+02
1.800000e-07	-1.055163e-09	-6.073488e-09	-1.044274e+01	-8.622370e+02
1.900000e-07	-1.053670e-09	-6.014214e-09	-1.042798e+01	-8.618138e+02
2.000000e-07	-1.052165e-09	-5.947399e-09	-1.041308e+01	-8.613578e+02
2.100000e-07	-1.050654e-09	-6.004602e-09	-1.039811e+01	-8.608686e+02
2.200000e-07	-1.049074e-09	-6.021772e-09	-1.038250e+01	-8.603454e+02
2.300000e-07	-1.047388e-09	-5.995485e-09	-1.036584e+01	-8.597876e+02
2.400000e-07	-1.045611e-09	-6.053880e-09	-1.034829e+01	-8.591943e+02
2.500000e-07	-1.043786e-09	-6.084287e-09	-1.033024e+01	-8.585648e+02
2.600000e-07	-1.041918e-09	-6.010557e-09	-1.031176e+01	-8.578984e+02
2.700000e-07	-1.039987e-09	-5.967556e-09	-1.029268e+01	-8.571940e+02
2.800000e-07	-1.037981e-09	-5.985118e-09	-1.027289e+01	-8.564510e+02
2.900000e-07	-1.035913e-09	-5.978973e-09	-1.025249e+01	-8.556686e+02
3.000000e-07	-1.033776e-09	-5.970555e-09	-1.023141e+01	-8.548460e+02
3.100000e-07	-1.031515e-09	-5.996043e-09	-1.020913e+01	-8.539826e+02
3.200000e-07	-1.029103e-09	-6.008739e-09	-1.018533e+01	-8.530777e+02
3.300000e-07	-1.026557e-09	-5.984602e-09	-1.016020e+01	-8.521307e+02
3.400000e-07	-1.023925e-09	-5.960350e-09	-1.013417e+01	-8.511413e+02
3.500000e-07	-1.021228e-09	-5.951334e-09	-1.010749e+01	-8.501089e+02
3.600000e-07	-1.018462e-09	-5.934287e-09	-1.008015e+01	-8.490332e+02
3.700000e-07	-1.015633e-09	-5.921051e-09	-1.005217e+01	-8.479140e+02
3.800000e-07	-1.012737e-09	-5.936857e-09	-1.002356e+01	-8.467510e+02
3.900000e-07	-1.009761e-09	-5.946583e-09	-9.994172e+00	-8.455441e+02
4.000000e-07	-1.006695e-09	-5.926519e-09	-9.963930e+00	-8.442933e+02
4.100000e-07	-1.003543e-09	-5.905778e-09	-9.932841e+00	-8.429984e+02
4.200000e-07	-1.000303e-09	-5.892797e-09	-9.900834e+00	-8.416595e+02
4.300000e-07	-9.969593e-10	-5.869238e-09	-9.867801e+00	-8.402765e+02
4.400000e-07	-9.935120e-10	-5.853724e-09	-9.833752e+00	-8.388495e+02
4.500000e-07	-9.899633e-10	-5.857689e-09	-9.798661e+00	-8.373786e+02
4.600000e-07	-9.863337e-10	-5.859739e-09	-9.762725e+00	-8.358636e+02
4.700000e-07	-9.826391e-10	-5.849383e-09	-9.726171e+00	-8.343047e+02
4.800000e-07	-9.788817e-10	-5.838024e-09	-9.689009e+00	-8.327018e+02
4.900000e-07	-9.750615e-10	-5.823585e-09	-9.651228e+00	-8.310547e+02
5.000000e-07	-9.711777e-10	-5.802410e-09	-9.612823e+00	-8.293635e+02
5.100000e-07	-9.672396e-10	-5.782312e-09	-9.573881e+00	-8.276279e+02
5.200000e-07	-9.632435e-10	-5.769779e-09	-9.534351e+00	-8.258476e+02
5.300000e-07	-9.591745e-10	-5.762306e-09	-9.494087e+00	-8.240226e+02
5.400000e-07	-9.550283e-10	-5.758264e-09	-9.453068e+00	-8.221523e+02
5.500000e-07	-9.508238e-10	-5.753332e-09	-9.411471e+00	-8.202364e+02
5.600000e-07	-9.465817e-10	-5.739950e-09	-9.369479e+00	-8.182746e+02
5.700000e-07	-9.423090e-10	-5.715795e-09	-9.327158e+00	-8.162663e+02
5.800000e-07	-9.379922e-10	-5.693476e-09	-9.284424e+00	-8.142110e+02
5.900000e-07	-9.336117e-10	-5.677929e-09	-9.241107e+00	-8.121082e+02
6.000000e-07	-9.291641e-10	-5.661142e-09	-9.197142e+00	-8.099574e+02
6.100000e-07	-9.246504e-10	-5.644002e-09	-9.152498e+00	-8.077581e+02
6.200000e-07	-9.200653e-10	-5.632605e-09	-9.107141e+00	-8.055097e+02
6.300000e-07	-9.154060e-10	-5.624825e-09	-9.061064e+00	-8.032116e+02
6.400000e-07	-9.106823e-10	-5.611674e-09	-9.014348e+00	-8.008636e+02
6.500000e-07	-9.059040e-10	-5.590516e-09	-8.967068e+00	-7.984650e+02
6.600000e-07	-9.010646e-10	-5.566391e-09	-8.919209e+00	-7.960155e+02
6.700000e-07	-8.961582e-10	-5.546015e-09	-8.870701e+00	-7.935148e+02
6.800000e-07	-8.911881e-10	-5.530242e-09	-8.821525e+00	-7.909628e+02
6.900000e-07	-8.861716e-10	-5.514442e-09	-8.771880e+00	-7.883591e+02
7.000000e-07	-8.811198e-10	-5.495306e-09	-8.721896e+00	-7.857039e+02
7.100000e-07	-8.760236e-10	-5.479861e-09	-8.671486e+00	-7.829970e+02
7.200000e-07	-8.708693e-10	-5.469750e-09	-8.620520e+00	-7.802387e+02
7.300000e-07	-8.656508e-10	-5.453544e-09	-8.568931e+00	-7.774292e+02
7.400000e-07	-8.603508e-10	-5.424598e-09	-8.516541e+00	-7.745687e+02
7.500000e-07	-8.549445e-10	-5.396404e-09	-8.463087e+00	-7.716577e+02
7.600000e-07	-8.494152e-10	-5.379238e-09	-8.408437e+00	-7.686967e+02
7.700000e-07	-8.437715e-10	-5.364800e-09	-8.352658e+00	-7.656861e+02
7.800000e-07	-8.380503e-10	-5.343690e-09	-8.296051e+00	-7.626267e+02
7.900000e-07	-8.322747e-10	-5.320750e-09	-8.238880e+00	-7.595191e+02
8.000000e-07	-8.264580e-10	-5.302250e-09	-8.181290e+00	-7.563640e+02
8.100000e-07	-8.206121e-10	-5.285645e-09	-8.123414e+00	-7.531622e+02
8.200000e-07	-8.147388e-10	-5.265464e-09	-8.065294e+00	-7.499143e+02
8.300000e-07	-8.088310e-10	-5.241140e-09	-8.006852e+00	-7.466211e+02
8.400000e-07	-8.028729e-10	-5.215983e-09	-7.947917e+00	-7.432834e+02
8.500000e-07	-7.968494e-10	-5.195371e-09	-7.888338e+00	-7.399017e+02
8.600000e-07	-7.907585e-10	-5.176799e-09	-7.828086e+00	-7.364767e+02
8.700000e-07	-7.846093e-10	-5.152775e-09	-7.767255e+00	-7.330090e+02
8.800000e-07	-7.784099e-10	-5.125462e-09	-7.705920e+00	-7.294989e+02
8.900000e-07	-7.721617e-10	-5.101573e-09	-7.644099e+00	-7.259470e+02
9.000000e-07	-7.658633e-10	-5.081520e-09	-7.581803e+00	-7.223535e+02
9.100000e-07	-7.595099e-10	-5.060284e-09	-7.518966e+00	-7.187185e+02
9.200000e-07	-7.530960e-10	-5.034787e-09	-7.455525e+00	-7.150422e+02
9.300000e-07	-7.466319e-10	-5.008170e-09	-7.391578e+00	-7.113243e+02
9.400000e-07	-7.401260e-10	-4.985215e-09	-7.327229e+00	-7.075649e+02
9.500000e-07	-7.335805e-10	-4.963650e-09	-7.262482e+00	-7.037634e+02
9.600000e-07	-7.270012e-10	-4.936827e-09	-7.197370e+00	-6.999197e+02
9.700000e-07	-7.203888e-10	-4.904575e-09	-7.131918e+00	-6.960330e+02
9.800000e-07	-7.137423e-10	-4.873880e-09	-7.066138e+00	-6.921028e+02
9.900000e-07	-7.070587e-10	-4.848530e-09	-6.999998e+00	-6.881284e+02
1.000000e-06	-7.003318e-10	-4.825205e-09	-6.933432e+00	-6.841089e+02
1.010000e-06	-6.935490e-10	-4.797140e-09	-6.866325e+00	-6.800434e+02
1.020000e-06	-6.866998e-10	-4.764978e-09	-6.798587e+00	-6.759311e+02
1.030000e-06	-6.797776e-10	-4.735037e-09	-6.730134e+00	-6.717708e+02
1.040000e-06	-6.727781e-10	-4.709138e-09	-6.660906e+00	-6.675617e+02
1.050000e-06	-6.656978e-10	-4.679904e-09	-6.590905e+00	-6.633026e+02
1.060000e-06	-6.585388e-10	-4.644801e-09	-6.520151e+00	-6.589925e+02
1.070000e-06	-6.513080e-10	-4.612625e-09	-6.448677e+00	-6.546304e+02
1.080000e-06	-6.440124e-10	-4.588063e-09	-6.376535e+00	-6.502154e+02
1.090000e-06	-6.366678e-10	-4.562666e-09	-6.303859e+00	-6.457463e+02
1.100000e-06	-6.292847e-10	-4.526996e-09	-6.230776e+00	-6.412224e+02
1.110000e-06	-6.218686e-10	-4.486630e-09	-6.157386e+00	-6.366427e+02
1.120000e-06	-6.144275e-10	-4.453475e-09	-6.083753e+00	-6.320066e+02
1.130000e-06	-6.069632e-10	-4.424233e-09	-6.009871e+00	-6.273133e+02
1.140000e-06	-5.994738e-10	-4.392466e-09	-5.935739e+00	-6.225621e+02
1.150000e-06	-5.919545e-10	-4.357151e-09	-5.861334e+00	-6.177526e+02
1.160000e-06	-5.843991e-10	-4.319225e-09	-5.786603e+00	-6.128844e+02
1.170000e-06	-5.768009e-10	-4.284808e-09	-5.711465e+00	-6.079570e+02
1.180000e-06	-5.691546e-10	-4.253757e-09	-5.635847e+00	-6.029701e+02
1.190000e-06	-5.614619e-10	-4.215982e-09	-5.559748e+00	-5.979238e+02
1.200000e-06	-5.537297e-10	-4.171400e-09	-5.483213e+00	-5.928177e+02
1.210000e-06	-5.459595e-10	-4.132526e-09	-5.406313e+00	-5.876518e+02
1.220000e-06	-5.381531e-10	-4.101931e-09	-5.329093e+00	-5.824263e+02
1.230000e-06	-5.303130e-10	-4.069483e-09	-5.251523e+00	-5.771411e+02
1.240000e-06	-5.224400e-10	-4.030483e-09	-5.173595e+00	-5.717964e+02
1.250000e-06	-5.145360e-10	-3.990259e-09	-5.095372e+00	-5.663924e+02
1.260000e-06	-5.065960e-10	-3.952976e-09	-5.016819e+00	-5.609292e+02
1.270000e-06	-4.986147e-10	-3.917304e-09	-4.937847e+00	-5.554071e+02
1.280000e-06	-4.905924e-10	-3.877215e-09	-4.858440e+00	-5.498262e+02
1.290000e-06	-4.825286e-10	-3.830586e-09	-4.778624e+00	-5.441867e+02
1.300000e-06	-4.744253e-10	-3.784426e-09	-4.698433e+00	-5.384889e+02
1.310000e-06	-4.662869e-10	-3.745796e-09	-4.617923e+00	-5.327329e+02
1.320000e-06	-4.581215e-10	-3.709457e-09	-4.537146e+00	-5.269189e+02
1.330000e-06	-4.499337e-10	-3.669900e-09	-4.456115e+00	-5.210469e+02
1.340000e-06	-4.417219e-10	-3.629110e-09	-4.374844e+00	-5.151170e+02
1.350000e-06	-4.334919e-10	-3.589496e-09	-4.293399e+00	-5.091293e+02
1.360000e-06	-4.252464e-10	-3.549303e-09	-4.211796e+00	-5.030837e+02
1.370000e-06	-4.169850e-10	-3.506212e-09	-4.130023e+00	-4.969802e+02
1.380000e-06	-4.087115e-10	-3.458832e-09	-4.048131e+00	-4.908187e+02
1.390000e-06	-4.004247e-10	-3.409127e-09	-3.966134e+00	-4.845990e+02
1.400000e-06	-3.921195e-10	-3.363580e-09	-3.883952e+00	-4.783210e+02
1.410000e-06	-3.837895e-10	-3.327042e-09	-3.801495e+00	-4.719844e+02
1.420000e-06	-3.754287e-10	-3.292132e-09	-3.718760e+00	-4.655889e+02
1.430000e-06	-3.670358e-10	-3.247596e-09	-3.635746e+00	-4.591343e+02
1.440000e-06	-3.586057e-10	-3.196806e-09	-3.552383e+00	-4.526202e+02
1.450000e-06	-3.501408e-10	-3.147841e-09	-3.468671e+00	-4.460463e+02
1.460000e-06	-3.416457e-10	-3.100287e-09	-3.384653e+00	-4.394123e+02
1.470000e-06	-3.331177e-10	-3.051651e-09	-3.300319e+00	-4.327179e+02
1.480000e-06	-3.245623e-10	-3.004727e-09	-3.215679e+00	-4.259625e+02
1.490000e-06	-3.159710e-10	-2.961594e-09	-3.130700e+00	-4.191460e+02
1.500000e-06	-3.073317e-10	-2.921360e-09	-3.045282e+00	-4.122680e+02
1.510000e-06	-2.986498e-10	-2.878920e-09	-2.959426e+00	-4.053282e+02
1.520000e-06	-2.899380e-10	-2.828159e-09	-2.873241e+00	-3.983262e+02
1.530000e-06	-2.811963e-10	-2.769651e-09	-2.786730e+00	-3.912617e+02
1.540000e-06	-2.724122e-10	-2.714064e-09	-2.699829e+00	-3.841346e+02
1.550000e-06	-2.635860e-10	-2.667612e-09	-2.612559e+00	-3.769447e+02
1.560000e-06	-2.547228e-10	-2.622578e-09	-2.524906e+00	-3.696916e+02
1.570000e-06	-2.458293e-10	-2.574063e-09	-2.436919e+00	-3.623754e+02
1.580000e-06	-2.369096e-10	-2.525442e-09	-2.348659e+00	-3.549957e+02
1.590000e-06	-2.279645e-10	-2.477636e-09	-2.260138e+00	-3.475527e+02
1.600000e-06	-2.189982e-10	-2.426808e-09	-2.171407e+00	-3.400462e+02
1.610000e-06	-2.100180e-10	-2.368723e-09	-2.082539e+00	-3.324762e+02
1.620000e-06	-2.010298e-10	-2.307681e-09	-1.993586e+00	-3.248427e+02
1.630000e-06	-1.920323e-10	-2.249151e-09	-1.904545e+00	-3.171459e+02
1.640000e-06	-1.830270e-10	-2.193804e-09	-1.815438e+00	-3.093858e+02
1.650000e-06	-1.740121e-10	-2.142204e-09	-1.726231e+00	-3.015625e+02
1.660000e-06	-1.649864e-10	-2.089078e-09	-1.636895e+00	-2.936763e+02
1.670000e-06	-1.559544e-10	-2.030599e-09	-1.547501e+00	-2.857272e+02
1.680000e-06	-1.469166e-10	-1.971860e-09	-1.458053e+00	-2.777157e+02
1.690000e-06	-1.378726e-10	-1.919938e-09	-1.368527e+00	-2.696420e+02
1.700000e-06	-1.288248e-10	-1.870761e-09	-1.278969e+00	-2.615064e+02
1.710000e-06	-1.197731e-10	-1.813081e-09	-1.189378e+00	-2.533093e+02
1.720000e-06	-1.107172e-10	-1.747769e-09	-1.099740e+00	-2.450512e+02
1.730000e-06	-1.016577e-10	-1.685463e-09	-1.010063e+00	-2.367325e+02
1.740000e-06	-9.259526e-11	-1.628452e-09	-9.203565e-01	-2.283538e+02
1.750000e-06	-8.353331e-11	-1.570944e-09	-8.306597e-01	-2.199158e+02
1.760000e-06	-7.447268e-11	-1.509948e-09	-7.409774e-01	-2.114190e+02
1.770000e-06	-6.541142e-11	-1.446348e-09	-6.512869e-01	-2.028643e+02
1.780000e-06	-5.634822e-11	-1.385101e-09	-5.615800e-01	-1.942525e+02
1.790000e-06	-4.728125e-11	-1.326945e-09	-4.718348e-01	-1.855846e+02
1.800000e-06	-3.821203e-11	-1.266717e-09	-3.820736e-01	-1.768615e+02
1.810000e-06	-2.914222e-11	-1.201953e-09	-2.923100e-01	-1.680844e+02
1.820000e-06	-2.007140e-11	-1.138626e-09	-2.025241e-01	-1.592545e+02
1.830000e-06	-1.099868e-11	-1.079943e-09	-1.127213e-01	-1.503731e+02
1.840000e-06	-1.924153e-12	-1.019585e-09	-2.292025e-02	-1.414416e+02
1.850000e-06	7.150831e-12	-9.542380e-10	6.687951e-02	-1.324617e+02
1.860000e-06	1.622490e-11	-8.868651e-10	1.566865e-01	-1.234349e+02
1.870000e-06	2.529731e-11	-8.216223e-10	2.464849e-01	-1.143631e+02
1.880000e-06	3.436819e-11	-7.613126e-10	3.362679e-01	-1.052482e+02
1.890000e-06	4.343802e-11	-7.025295e-10	4.260382e-01	-9.609204e+01
1.900000e-06	5.250614e-11	-6.391794e-10	5.157891e-01	-8.689690e+01
1.910000e-06	6.157017e-11	-5.726680e-10	6.055036e-01	-7.766498e+01
1.920000e-06	7.063004e-11	-5.076427e-10	6.951828e-01	-6.839860e+01
1.930000e-06	7.968805e-11	-4.421862e-10	7.848510e-01	-5.910020e+01
1.940000e-06	8.874604e-11	-3.725608e-10	8.745232e-01	-4.977231e+01
1.950000e-06	9.780533e-11	-3.027158e-10	9.641999e-01	-4.041754e+01
1.960000e-06	1.068643e-10	-2.385740e-10	1.053873e+00	-3.103858e+01
1.970000e-06	1.159191e-10	-1.805782e-10	1.143511e+00	-2.163819e+01
1.980000e-06	1.249701e-10	-1.226146e-10	1.233109e+00	-1.221918e+01
1.990000e-06	1.340175e-10	-6.075960e-11	1.322674e+00	-2.784400e+00
2.000000e-06	1.430608e-10	5.867685e-12	1.412204e+00	6.663239e+00
2.010000e-06	1.521011e-10	7.635625e-11	1.501700e+00	1.612082e+01
2.020000e-06	1.611370e-10	1.464211e-10	1.591134e+00	2.558540e+01
2.030000e-06	1.701647e-10	2.134679e-10	1.680486e+00	3.505405e+01
2.040000e-06	1.791834e-10	2.788028e-10	1.769753e+00	4.452382e+01
2.050000e-06	1.881922e-10	3.420368e-10	1.858901e+00	5.399180e+01
2.060000e-06	1.971879e-10	4.015187e-10	1.947906e+00	6.345508e+01
2.070000e-06	2.061720e-10	4.592975e-10	2.036803e+00	7.291082e+01
2.080000e-06	2.151445e-10	5.213519e-10	2.125597e+00	8.235619e+01
2.090000e-06	2.241013e-10	5.908709e-10	2.214258e+00	9.178843e+01
2.100000e-06	2.330400e-10	6.630641e-10	2.302746e+00	1.012048e+02
2.110000e-06	2.419588e-10	7.309832e-10	2.391014e+00	1.106027e+02
2.120000e-06	2.508533e-10	7.946278e-10	2.479018e+00	1.199795e+02
2.130000e-06	2.597216e-10	8.572422e-10	2.566747e+00	1.293328e+02
2.140000e-06	2.685618e-10	9.191557e-10	2.654207e+00	1.386600e+02
2.150000e-06	2.773688e-10	9.807070e-10	2.741339e+00	1.479588e+02
2.160000e-06	2.861349e-10	1.041123e-09	2.828043e+00	1.572270e+02
2.170000e-06	2.948537e-10	1.101291e-09	2.914269e+00	1.664624e+02
2.180000e-06	3.035261e-10	1.167315e-09	3.000041e+00	1.756627e+02
2.190000e-06	3.121572e-10	1.238399e-09	3.085419e+00	1.848260e+02
2.200000e-06	3.207421e-10	1.305486e-09	3.170374e+00	1.939504e+02
2.210000e-06	3.292822e-10	1.366524e-09	3.254907e+00	2.030339e+02
2.220000e-06	3.377863e-10	1.425576e-09	3.339072e+00	2.120747e+02
2.230000e-06	3.462600e-10	1.484030e-09	3.422915e+00	2.210710e+02
2.240000e-06	3.547069e-10	1.542597e-09	3.506478e+00	2.300213e+02
2.250000e-06	3.631233e-10	1.604570e-09	3.589748e+00	2.389240e+02
2.260000e-06	3.715044e-10	1.669691e-09	3.672697e+00	2.477774e+02
2.270000e-06	3.798522e-10	1.734136e-09	3.755325e+00	2.565802e+02
2.280000e-06	3.881739e-10	1.796944e-09	3.837685e+00	2.653310e+02
2.290000e-06	3.964750e-10	1.857850e-09	3.919843e+00	2.740285e+02
2.300000e-06	4.047600e-10	1.914550e-09	4.001864e+00	2.826713e+02
2.310000e-06	4.130317e-10	1.971716e-09	4.083763e+00	2.912583e+02
2.320000e-06	4.212896e-10	2.032486e-09	4.165520e+00	2.997884e+02
2.330000e-06	4.295340e-10	2.092630e-09	4.247139e+00	3.082605e+02
2.340000e-06	4.377625e-10	2.152226e-09	4.328598e+00	3.166735e+02
2.350000e-06	4.459701e-10	2.213394e-09	4.409851e+00	3.250266e+02
2.360000e-06	4.541536e-10	2.273101e-09	4.490871e+00	3.333188e+02
2.370000e-06	4.623100e-10	2.331100e-09	4.571609e+00	3.415492e+02
2.380000e-06	4.704360e-10	2.389306e-09	4.652042e+00	3.497172e+02
2.390000e-06	4.785253e-10	2.446211e-09	4.732149e+00	3.578219e+02
2.400000e-06	4.865734e-10	2.503126e-09	4.811835e+00	3.658626e+02
2.410000e-06	4.945805e-10	2.562475e-09	4.891078e+00	3.738388e+02
2.420000e-06	5.025467e-10	2.621043e-09	4.969938e+00	3.817498e+02
2.430000e-06	5.104737e-10	2.676545e-09	5.048427e+00	3.895952e+02
2.440000e-06	5.183675e-10	2.733126e-09	5.126566e+00	3.973744e+02
2.450000e-06	5.262320e-10	2.790766e-09	5.204402e+00	4.050869e+02
2.460000e-06	5.340667e-10	2.844711e-09	5.281948e+00	4.127324e+02
2.470000e-06	5.418687e-10	2.895509e-09	5.359173e+00	4.203104e+02
2.480000e-06	5.496351e-10	2.946973e-09	5.436058e+00	4.278207e+02
2.490000e-06	5.573609e-10	2.999925e-09	5.512517e+00	4.352629e+02
2.500000e-06	5.650419e-10	3.053710e-09	5.588521e+00	4.426366e+02
2.510000e-06	5.726794e-10	3.107448e-09	5.664106e+00	4.499417e+02
2.520000e-06	5.802720e-10	3.159606e-09	5.739247e+00	4.571778e+02
2.530000e-06	5.878247e-10	3.208995e-09	5.814012e+00	4.643447e+02
2.540000e-06	5.953472e-10	3.256765e-09	5.888478e+00	4.714422e+02
2.550000e-06	6.028412e-10	3.305358e-09	5.962658e+00	4.784700e+02
2.560000e-06	6.103123e-10	3.354279e-09	6.036618e+00	4.854279e+02
2.570000e-06	6.177652e-10	3.399667e-09	6.110395e+00	4.923157e+02
2.580000e-06	6.251963e-10	3.443230e-09	6.183954e+00	4.991332e+02
2.590000e-06	6.325991e-10	3.492805e-09	6.257235e+00	5.058801e+02
2.600000e-06	6.399585e-10	3.545923e-09	6.330085e+00	5.125562e+02
2.610000e-06	6.472586e-10	3.593169e-09	6.402346e+00	5.191613e+02
2.620000e-06	6.544943e-10	3.634718e-09	6.473966e+00	5.256952e+02
2.630000e-06	6.616570e-10	3.675284e-09	6.544848e+00	5.321577e+02
2.640000e-06	6.687387e-10	3.716847e-09	6.614912e+00	5.385486e+02
2.650000e-06	6.757368e-10	3.759579e-09	6.684144e+00	5.448677e+02
2.660000e-06	6.826508e-10	3.802558e-09	6.752561e+00	5.511149e+02
2.670000e-06	6.894975e-10	3.845832e-09	6.820323e+00	5.572899e+02
2.680000e-06	6.962895e-10	3.891234e-09	6.887522e+00	5.633928e+02
2.690000e-06	7.030318e-10	3.937003e-09	6.954225e+00	5.694233e+02
2.700000e-06	7.097362e-10	3.977438e-09	7.020566e+00	5.753814e+02
2.710000e-06	7.164113e-10	4.012610e-09	7.086635e+00	5.812671e+02
2.720000e-06	7.230603e-10	4.047590e-09	7.152471e+00	5.870804e+02
2.730000e-06	7.296784e-10	4.085830e-09	7.218002e+00	5.928214e+02
2.740000e-06	7.362556e-10	4.127810e-09	7.283102e+00	5.984902e+02
2.750000e-06	7.427794e-10	4.170824e-09	7.347680e+00	6.040869e+02
2.760000e-06	7.492421e-10	4.211012e-09	7.411668e+00	6.096117e+02
2.770000e-06	7.556446e-10	4.248254e-09	7.475038e+00	6.150650e+02
2.780000e-06	7.619924e-10	4.285105e-09	7.537855e+00	6.204470e+02
2.790000e-06	7.682913e-10	4.319439e-09	7.600202e+00	6.257581e+02
2.800000e-06	7.745474e-10	4.350956e-09	7.662126e+00	6.309988e+02
2.810000e-06	7.807605e-10	4.385217e-09	7.723612e+00	6.361695e+02
2.820000e-06	7.869248e-10	4.422581e-09	7.784634e+00	6.412708e+02
2.830000e-06	7.930356e-10	4.459270e-09	7.845141e+00	6.463031e+02
2.840000e-06	7.990846e-10	4.495916e-09	7.905038e+00	6.512672e+02
2.850000e-06	8.050683e-10	4.532564e-09	7.964297e+00	6.561636e+02
2.860000e-06	8.110004e-10	4.566192e-09	8.023037e+00	6.609930e+02
2.870000e-06	8.168966e-10	4.596319e-09	8.081413e+00	6.657561e+02
2.880000e-06	8.227651e-10	4.624923e-09	8.139513e+00	6.704534e+02
2.890000e-06	8.286060e-10	4.653306e-09	8.197352e+00	6.750858e+02
2.900000e-06	8.344089e-10	4.683628e-09	8.254818e+00	6.796538e+02
2.910000e-06	8.401558e-10	4.718000e-09	8.311733e+00	6.841581e+02
2.920000e-06	8.458233e-10	4.754746e-09	8.367881e+00	6.885993e+02
2.930000e-06	8.513945e-10	4.789866e-09	8.423057e+00	6.929780e+02
2.940000e-06	8.568599e-10	4.821825e-09	8.477134e+00	6.972948e+02
2.950000e-06	8.622153e-10	4.851255e-09	8.530120e+00	7.015501e+02
2.960000e-06	8.674701e-10	4.877690e-09	8.582160e+00	7.057444e+02
2.970000e-06	8.726494e-10	4.902198e-09	8.633443e+00	7.098782e+02
2.980000e-06	8.777742e-10	4.928412e-09	8.684180e+00	7.139518e+02
2.990000e-06	8.828565e-10	4.958663e-09	8.734516e+00	7.179654e+02
3.000000e-06	8.878996e-10	4.990386e-09	8.784447e+00	7.219194e+02
3.010000e-06	8.928968e-10	5.021324e-09	8.833904e+00	7.258140e+02
3.020000e-06	8.978327e-10	5.051871e-09	8.882749e+00	7.296493e+02
3.030000e-06	9.026973e-10	5.080172e-09	8.930910e+00	7.334254e+02
3.040000e-06	9.074923e-10	5.104326e-09	8.978382e+00	7.371426e+02
3.050000e-06	9.122241e-10	5.127600e-09	9.025225e+00	7.408008e+02
3.060000e-06	9.169035e-10	5.153446e-09	9.071564e+00	7.444001e+02
3.070000e-06	9.215311e-10	5.179173e-09	9.117385e+00	7.479406e+02
3.080000e-06	9.260979e-10	5.201598e-09	9.162600e+00	7.514223e+02
3.090000e-06	9.305988e-10	5.224655e-09	9.207159e+00	7.548453e+02
3.100000e-06	9.350287e-10	5.251548e-09	9.251024e+00	7.582097e+02
3.110000e-06	9.393910e-10	5.279904e-09	9.294229e+00	7.615156e+02
3.120000e-06	9.437030e-10	5.307656e-09	9.336928e+00	7.647632e+02
3.130000e-06	9.479819e-10	5.332770e-09	9.379286e+00	7.679528e+02
3.140000e-06	9.522246e-10	5.353650e-09	9.421297e+00	7.710845e+02
3.150000e-06	9.564194e-10	5.371586e-09	9.462838e+00	7.741588e+02
3.160000e-06	9.605511e-10	5.390064e-09	9.503754e+00	7.771760e+02
3.170000e-06	9.646050e-10	5.410425e-09	9.543899e+00	7.801366e+02
3.180000e-06	9.685785e-10	5.431474e-09	9.583248e+00	7.830411e+02
3.190000e-06	9.724722e-10	5.454077e-09	9.621819e+00	7.858902e+02
3.200000e-06	9.762900e-10	5.479330e-09	9.659648e+00	7.886845e+02
3.210000e-06	9.800471e-10	5.502632e-09	9.696899e+00	7.914248e+02
3.220000e-06	9.837625e-10	5.520842e-09	9.733708e+00	7.941118e+02
3.230000e-06	9.874330e-10	5.538170e-09	9.770030e+00	7.967464e+02
3.240000e-06	9.910382e-10	5.555558e-09	9.805740e+00	7.993295e+02
3.250000e-06	9.945585e-10	5.569379e-09	9.840636e+00	8.018618e+02
3.260000e-06	9.979799e-10	5.582938e-09	9.874555e+00	8.043444e+02
3.270000e-06	1.001294e-09	5.601124e-09	9.907410e+00	8.067782e+02
3.280000e-06	1.004515e-09	5.621400e-09	9.939314e+00	8.091639e+02
3.290000e-06	1.007660e-09	5.640688e-09	9.970456e+00	8.115024e+02
3.300000e-06	1.010732e-09	5.658440e-09	1.000090e+01	8.137946e+02
3.310000e-06	1.013733e-09	5.673810e-09	1.003066e+01	8.160412e+02
3.320000e-06	1.016662e-09	5.686499e-09	1.005969e+01	8.182428e+02
3.330000e-06	1.019514e-09	5.696591e-09	1.008796e+01	8.203999e+02
3.340000e-06	1.022292e-09	5.706701e-09	1.011548e+01	8.225131e+02
3.350000e-06	1.025003e-09	5.720280e-09	1.014235e+01	8.245826e+02
3.360000e-06	1.027648e-09	5.737314e-09	1.016855e+01	8.266087e+02
3.370000e-06	1.030222e-09	5.754459e-09	1.019404e+01	8.285915e+02
3.380000e-06	1.032703e-09	5.768307e-09	1.021864e+01	8.305309e+02
3.390000e-06	1.035066e-09	5.779040e-09	1.024206e+01	8.324267e+02
3.400000e-06	1.037294e-09	5.789934e-09	1.026415e+01	8.342787e+02
3.410000e-06	1.039399e-09	5.801967e-09	1.028502e+01	8.360864e+02
3.420000e-06	1.041409e-09	5.811442e-09	1.030493e+01	8.378492e+02
3.430000e-06	1.043350e-09	5.820507e-09	1.032414e+01	8.395664e+02
3.440000e-06	1.045240e-09	5.834680e-09	1.034287e+01	8.412374e+02
3.450000e-06	1.047087e-09	5.850709e-09	1.036118e+01	8.428612e+02
3.460000e-06	1.048886e-09	5.862115e-09	1.037902e+01	8.444368e+02
3.470000e-06	1.050618e-09	5.870888e-09	1.039620e+01	8.459634e+02
3.480000e-06	1.052270e-09	5.880904e-09	1.041260e+01	8.474398e+02
3.490000e-06	1.053841e-09	5.888735e-09	1.042820e+01	8.488651e+02
3.500000e-06	1.055342e-09	5.893937e-09	1.044310e+01	8.502382e+02
3.510000e-06	1.056778e-09	5.900995e-09	1.045734e+01	8.515581e+02
3.520000e-06	1.058139e-09	5.910355e-09	1.047086e+01	8.528239e+02
3.530000e-06	1.059418e-09	5.919147e-09	1.048356e+01	8.540346e+02
3.540000e-06	1.060620e-09	5.928067e-09	1.049550e+01	8.551896e+02
3.550000e-06	1.061760e-09	5.938068e-09	1.050680e+01	8.562881e+02
3.560000e-06	1.062851e-09	5.947763e-09	1.051764e+01	8.573295e+02
3.570000e-06	1.063903e-09	5.956276e-09	1.052808e+01	8.583135e+02
3.580000e-06	1.064907e-09	5.962332e-09	1.053803e+01	8.592398e+02
3.590000e-06	1.065837e-09	5.966295e-09	1.054727e+01	8.601084e+02
3.600000e-06	1.066666e-09	5.972598e-09	1.055554e+01	8.609192e+02
3.610000e-06	1.067379e-09	5.978686e-09	1.056264e+01	8.616726e+02
3.620000e-06	1.067975e-09	5.973392e-09	1.056856e+01	8.623689e+02
3.630000e-06	1.068462e-09	5.974380e-09	1.057339e+01	8.630088e+02
3.640000e-06	1.068866e-09	6.001916e-09	1.057737e+01	8.635930e+02
3.650000e-06	1.069205e-09	6.048983e-09	1.058074e+01	8.641224e+02
3.660000e-06	1.069491e-09	6.117175e-09	1.058361e+01	8.645980e+02
3.670000e-06	1.069720e-09	6.119947e-09	1.058592e+01	8.650212e+02
3.680000e-06	1.069862e-09	6.048831e-09	1.058736e+01	8.653931e+02
3.690000e-06	1.069892e-09	6.024577e-09	1.058772e+01	8.657151e+02
3.700000e-06	1.069832e-09	5.963103e-09	1.058718e+01	8.659888e+02
3.710000e-06	1.069725e-09	5.886115e-09	1.058613e+01	8.662156e+02
3.720000e-06	1.069560e-09	5.948475e-09	1.058450e+01	8.663970e+02
3.730000e-06	1.069308e-09	5.996855e-09	1.058201e+01	8.665347e+02
3.740000e-06	1.068966e-09	5.967174e-09	1.057868e+01	8.666301e+02
3.750000e-06	1.068564e-09	6.024003e-09	1.057477e+01	8.666848e+02
3.760000e-06	1.068130e-09	6.064301e-09	1.057052e+01	8.667001e+02
3.770000e-06	1.067672e-09	6.009968e-09	1.056601e+01	8.666775e+02
3.780000e-06	1.067181e-09	6.025755e-09	1.056116e+01	8.666182e+02
3.790000e-06	1.066626e-09	6.095653e-09	1.055570e+01	8.665233e+02
3.800000e-06	1.065962e-09	6.071492e-09	1.054919e+01	8.663937e+02
3.810000e-06	1.065151e-09	6.032627e-09	1.054124e+01	8.662305e+02
3.820000e-06	1.064198e-09	6.052024e-09	1.053187e+01	8.660343e+02
3.830000e-06	1.063162e-09	6.009841e-09	1.052163e+01	8.658056e+02
3.840000e-06	1.062094e-09	5.957488e-09	1.051102e+01	8.655450e+02
3.850000e-06	1.060960e-09	5.983043e-09	1.049982e+01	8.652525e+02
3.860000e-06	1.059724e-09	5.995880e-09	1.048762e+01	8.649283e+02
3.870000e-06	1.058391e-09	5.959895e-09	1.047446e+01	8.645724e+02
3.880000e-06	1.056998e-09	5.988912e-09	1.046068e+01	8.641845e+02
3.890000e-06	1.055573e-09	6.029185e-09	1.044656e+01	8.637643e+02
3.900000e-06	1.054108e-09	6.025574e-09	1.043207e+01	8.633113e+02
3.910000e-06	1.052556e-09	6.035530e-09	1.041675e+01	8.628251e+02
3.920000e-06	1.050881e-09	6.026891e-09	1.040025e+01	8.623050e+02
3.930000e-06	1.049117e-09	5.968415e-09	1.038283e+01	8.617502e+02
3.940000e-06	1.047320e-09	5.930432e-09	1.036505e+01	8.611601e+02
3.950000e-06	1.045503e-09	5.959647e-09	1.034706e+01	8.605338e+02
3.960000e-06	1.043607e-09	5.984780e-09	1.032834e+01	8.598704e+02
3.970000e-06	1.041591e-09	5.972768e-09	1.030846e+01	8.591693e+02
3.980000e-06	1.039476e-09	5.965103e-09	1.028761e+01	8.584295e+02
3.990000e-06	1.037315e-09	5.972834e-09	1.026627e+01	8.576504e+02
4.000000e-06	1.035098e-09	5.958392e-09	1.024438e+01	8.568311e+02
4.010000e-06	1.032754e-09	5.930390e-09	1.022122e+01	8.559709e+02
4.020000e-06	1.030235e-09	5.913222e-09	1.019637e+01	8.550694e+02
4.030000e-06	1.027579e-09	5.905203e-09	1.017011e+01	8.541258e+02
4.040000e-06	1.024870e-09	5.901328e-09	1.014326e+01	8.531397e+02
4.050000e-06	1.022115e-09	5.917204e-09	1.011598e+01	8.521107e+02
4.060000e-06	1.019268e-09	5.922642e-09	1.008784e+01	8.510385e+02
4.070000e-06	1.016340e-09	5.900003e-09	1.005890e+01	8.499227e+02
4.080000e-06	1.013373e-09	5.877654e-09	1.002956e+01	8.487632e+02
4.090000e-06	1.010368e-09	5.874744e-09	9.999866e+00	8.475598e+02
4.100000e-06	1.007292e-09	5.865475e-09	9.969463e+00	8.463124e+02
4.110000e-06	1.004118e-09	5.846068e-09	9.938069e+00	8.450210e+02
4.120000e-06	1.000863e-09	5.837164e-09	9.905891e+00	8.436856e+02
4.130000e-06	9.975606e-10	5.838605e-09	9.873249e+00	8.423062e+02
4.140000e-06	9.942045e-10	5.837583e-09	9.840073e+00	8.408828e+02
4.150000e-06	9.907610e-10	5.829359e-09	9.806050e+00	8.394154e+02
4.160000e-06	9.872221e-10	5.811934e-09	9.771098e+00	8.379040e+02
4.170000e-06	9.836175e-10	5.786819e-09	9.735462e+00	8.363487e+02
4.180000e-06	9.799731e-10	5.770653e-09	9.699408e+00	8.347493e+02
4.190000e-06	9.762848e-10	5.764555e-09	9.662940e+00	8.331059e+02
4.200000e-06	9.725529e-10	5.755910e-09	9.626050e+00	8.314184e+02
4.210000e-06	9.687865e-10	5.741506e-09	9.588830e+00	8.296864e+02
4.220000e-06	9.649778e-10	5.731448e-09	9.551198e+00	8.279099e+02
4.230000e-06	9.610878e-10	5.722433e-09	9.512758e+00	8.260885e+02
4.240000e-06	9.570699e-10	5.707289e-09	9.473088e+00	8.242220e+02
4.250000e-06	9.529187e-10	5.687157e-09	9.432104e+00	8.223100e+02
4.260000e-06	9.486674e-10	5.670206e-09	9.390051e+00	8.203519e+02
4.270000e-06	9.443325e-10	5.658378e-09	9.347154e+00	8.183475e+02
4.280000e-06	9.399136e-10	5.648917e-09	9.303459e+00	8.162961e+02
4.290000e-06	9.354299e-10	5.635529e-09	9.259122e+00	8.141972e+02
4.300000e-06	9.309077e-10	5.620393e-09	9.214395e+00	8.120504e+02
4.310000e-06	9.263442e-10	5.606634e-09	9.169277e+00	8.098550e+02
4.320000e-06	9.217171e-10	5.593269e-09	9.123528e+00	8.076106e+02
4.330000e-06	9.170117e-10	5.575911e-09	9.077001e+00	8.053166e+02
4.340000e-06	9.122432e-10	5.554563e-09	9.029847e+00	8.029726e+02
4.350000e-06	9.074313e-10	5.533175e-09	8.982255e+00	8.005780e+02
4.360000e-06	9.025652e-10	5.516721e-09	8.934127e+00	7.981326e+02
4.370000e-06	8.976362e-10	5.505497e-09	8.885360e+00	7.956361e+02
4.380000e-06	8.926485e-10	5.495897e-09	8.836017e+00	7.930881e+02
4.390000e-06	8.875981e-10	5.481342e-09	8.786079e+00	7.904886e+02
4.400000e-06	8.824691e-10	5.459736e-09	8.735377e+00	7.878374e+02
4.410000e-06	8.772627e-10	5.437064e-09	8.683898e+00	7.851346e+02
4.420000e-06	8.720029e-10	5.418650e-09	8.631878e+00	7.823804e+02
4.430000e-06	8.667095e-10	5.401238e-09	8.579543e+00	7.795748e+02
4.440000e-06	8.613844e-10	5.381586e-09	8.526901e+00	7.767184e+02
4.450000e-06	8.560197e-10	5.363020e-09	8.473870e+00	7.738113e+02
4.460000e-06	8.506033e-10	5.350275e-09	8.420333e+00	7.708542e+02
4.470000e-06	8.451189e-10	5.338765e-09	8.366082e+00	7.678476e+02
4.480000e-06	8.395443e-10	5.317264e-09	8.310920e+00	7.647920e+02
4.490000e-06	8.338708e-10	5.287448e-09	8.254781e+00	7.616882e+02
4.500000e-06	8.281105e-10	5.260138e-09	8.197766e+00	7.585369e+02
4.510000e-06	8.222666e-10	5.238677e-09	8.139950e+00	7.553387e+02
4.520000e-06	8.163332e-10	5.217512e-09	8.081278e+00	7.520945e+02
4.530000e-06	8.103230e-10	5.193553e-09	8.021812e+00	7.488050e+02
4.540000e-06	8.042592e-10	5.168660e-09	7.961819e+00	7.454708e+02
4.550000e-06	7.981585e-10	5.148529e-09	7.901492e+00	7.420927e+02
4.560000e-06	7.920245e-10	5.130699e-09	7.840839e+00	7.386712e+02
4.570000e-06	7.858481e-10	5.107225e-09	7.779768e+00	7.352069e+02
4.580000e-06	7.796243e-10	5.077207e-09	7.718211e+00	7.317004e+02
4.590000e-06	7.733431e-10	5.046293e-09	7.656083e+00	7.281519e+02
4.600000e-06	7.670031e-10	5.015599e-09	7.593368e+00	7.245618e+02
4.610000e-06	7.606082e-10	4.987262e-09	7.530116e+00	7.209303e+02
4.620000e-06	7.541603e-10	4.963195e-09	7.466356e+00	7.172573e+02
4.630000e-06	7.476719e-10	4.940708e-09	7.402178e+00	7.135430e+02
4.640000e-06	7.411455e-10	4.917293e-09	7.337608e+00	7.097869e+02
4.650000e-06	7.345745e-10	4.894110e-09	7.272605e+00	7.059890e+02
4.660000e-06	7.279513e-10	4.867786e-09	7.207087e+00	7.021487e+02
4.670000e-06	7.212632e-10	4.834737e-09	7.140942e+00	6.982656e+02
4.680000e-06	7.145081e-10	4.799117e-09	7.074132e+00	6.943390e+02
4.690000e-06	7.077015e-10	4.767824e-09	7.006797e+00	6.903682e+02
4.700000e-06	7.008530e-10	4.743543e-09	6.939043e+00	6.863524e+02
4.710000e-06	6.939666e-10	4.719493e-09	6.870927e+00	6.822907e+02
4.720000e-06	6.870548e-10	4.690411e-09	6.802569e+00	6.781822e+02
4.730000e-06	6.801240e-10	4.662110e-09	6.734009e+00	6.740258e+02
4.740000e-06	6.731690e-10	4.636518e-09	6.665199e+00	6.698207e+02
4.750000e-06	6.661793e-10	4.604916e-09	6.596054e+00	6.655656e+02
4.760000e-06	6.591414e-10	4.564135e-09	6.526425e+00	6.612596e+02
4.770000e-06	6.520446e-10	4.523493e-09	6.456174e+00	6.569017e+02
4.780000e-06	6.448761e-10	4.490678e-09	6.385222e+00	6.524908e+02
4.790000e-06	6.376341e-10	4.462886e-09	6.313573e+00	6.480260e+02
4.800000e-06	6.303154e-10	4.436108e-09	6.241195e+00	6.435065e+02
4.810000e-06	6.229154e-10	4.407697e-09	6.167992e+00	6.389312e+02
4.820000e-06	6.154293e-10	4.376357e-09	6.093932e+00	6.342995e+02
4.830000e-06	6.078677e-10	4.342026e-09	6.019122e+00	6.296107e+02
4.840000e-06	6.002550e-10	4.305917e-09	5.943779e+00	6.248641e+02
4.850000e-06	5.926040e-10	4.267763e-09	5.868079e+00	6.200592e+02
4.860000e-06	5.849212e-10	4.227632e-09	5.792076e+00	6.151955e+02
4.870000e-06	5.772129e-10	4.190646e-09	5.715810e+00	6.102727e+02
4.880000e-06	5.694869e-10	4.162143e-09	5.639372e+00	6.052906e+02
4.890000e-06	5.617410e-10	4.136197e-09	5.562745e+00	6.002488e+02
4.900000e-06	5.539701e-10	4.101717e-09	5.485864e+00	5.951474e+02
4.910000e-06	5.461687e-10	4.059983e-09	5.408668e+00	5.899863e+02
4.920000e-06	5.383315e-10	4.022021e-09	5.331117e+00	5.847654e+02
4.930000e-06	5.304550e-10	3.989186e-09	5.253190e+00	5.794849e+02
4.940000e-06	5.225395e-10	3.954182e-09	5.174869e+00	5.741449e+02
4.950000e-06	5.145845e-10	3.915716e-09	5.096136e+00	5.687455e+02
4.960000e-06	5.065876e-10	3.878957e-09	5.016984e+00	5.632870e+02
4.970000e-06	4.985510e-10	3.844306e-09	4.937435e+00	5.577695e+02
4.980000e-06	4.904783e-10	3.808822e-09	4.857533e+00	5.521932e+02
4.990000e-06	4.823739e-10	3.771004e-09	4.777328e+00	5.465583e+02
5.000000e-06	4.742401e-10	3.729773e-09	4.696844e+00	5.408651e+02
5.010000e-06	4.660791e-10	3.689534e-09	4.616075e+00	5.351137e+02
5.020000e-06	4.578907e-10	3.653248e-09	4.535049e+00	5.293042e+02
5.030000e-06	4.496705e-10	3.616453e-09	4.453732e+00	5.234368e+02
5.040000e-06	4.414151e-10	3.575830e-09	4.372055e+00	5.175115e+02
5.050000e-06	4.331243e-10	3.534798e-09	4.290010e+00	5.115283e+02
5.060000e-06	4.248000e-10	3.496280e-09	4.207621e+00	5.054873e+02
5.070000e-06	4.164418e-10	3.457502e-09	4.124898e+00	4.993883e+02
5.080000e-06	4.080482e-10	3.414536e-09	4.041841e+00	4.932314e+02
5.090000e-06	3.996265e-10	3.370200e-09	3.958509e+00	4.870162e+02
5.100000e-06	3.911792e-10	3.328697e-09	3.874925e+00	4.807428e+02
5.110000e-06	3.827075e-10	3.288392e-09	3.791115e+00	4.744107e+02
5.120000e-06	3.742189e-10	3.245244e-09	3.707141e+00	4.680198e+02
5.130000e-06	3.657178e-10	3.200897e-09	3.623022e+00	4.615698e+02
5.140000e-06	3.572064e-10	3.156737e-09	3.538803e+00	4.550604e+02
5.150000e-06	3.486859e-10	3.111532e-09	3.454518e+00	4.484912e+02
5.160000e-06	3.401572e-10	3.067039e-09	3.370155e+00	4.418618e+02
5.170000e-06	3.316200e-10	3.021068e-09	3.285696e+00	4.351721e+02
5.180000e-06	3.230717e-10	2.973501e-09	3.201122e+00	4.284215e+02
5.190000e-06	3.145090e-10	2.929005e-09	3.116401e+00	4.216097e+02
5.200000e-06	3.059326e-10	2.886326e-09	3.031552e+00	4.147365e+02
5.210000e-06	2.973411e-10	2.839020e-09	2.946548e+00	4.078014e+02
5.220000e-06	2.887295e-10	2.788740e-09	2.861331e+00	4.008042e+02
5.230000e-06	2.800946e-10	2.741047e-09	2.775900e+00	3.937446e+02
5.240000e-06	2.714392e-10	2.693661e-09	2.690293e+00	3.866224e+02
5.250000e-06	2.627631e-10	2.643507e-09	2.604467e+00	3.794373e+02
5.260000e-06	2.540626e-10	2.592807e-09	2.518380e+00	3.721892e+02
5.270000e-06	2.453360e-10	2.542517e-09	2.432028e+00	3.648779e+02
5.280000e-06	2.365907e-10	2.492060e-09	2.345470e+00	3.575032e+02
5.290000e-06	2.278307e-10	2.442848e-09	2.258742e+00	3.500651e+02
5.300000e-06	2.190505e-10	2.393329e-09	2.171822e+00	3.425635e+02
5.310000e-06	2.102490e-10	2.338964e-09	2.084709e+00	3.349985e+02
5.320000e-06	2.014277e-10	2.281579e-09	1.997383e+00	3.273700e+02
5.330000e-06	1.925871e-10	2.226358e-09	1.909883e+00	3.196781e+02
5.340000e-06	1.837309e-10	2.173397e-09	1.822253e+00	3.119229e+02
5.350000e-06	1.748622e-10	2.120950e-09	1.734479e+00	3.041046e+02
5.360000e-06	1.659785e-10	2.068192e-09	1.646532e+00	2.962233e+02
5.370000e-06	1.570811e-10	2.013905e-09	1.558455e+00	2.882792e+02
5.380000e-06	1.481706e-10	1.959419e-09	1.470262e+00	2.802726e+02
5.390000e-06	1.392482e-10	1.905333e-09	1.381967e+00	2.722037e+02
5.400000e-06	1.303173e-10	1.847696e-09	1.293610e+00	2.640730e+02
5.410000e-06	1.213780e-10	1.788319e-09	1.205172e+00	2.558807e+02
5.420000e-06	1.124311e-10	1.730562e-09	1.116642e+00	2.476273e+02
5.430000e-06	1.034808e-10	1.672045e-09	1.028072e+00	2.393134e+02
5.440000e-06	9.452691e-11	1.613102e-09	9.394716e-01	2.309394e+02
5.450000e-06	8.557501e-11	1.555301e-09	8.508963e-01	2.225060e+02
5.460000e-06	7.662518e-11	1.498635e-09	7.623448e-01	2.140138e+02
5.470000e-06	6.766808e-11	1.439975e-09	6.737068e-01	2.054637e+02
5.480000e-06	5.870579e-11	1.374755e-09	5.850193e-01	1.968563e+02
5.490000e-06	4.973963e-11	1.310438e-09	4.963083e-01	1.881928e+02
5.500000e-06	4.076923e-11	1.253380e-09	4.075580e-01	1.794740e+02
5.510000e-06	3.179269e-11	1.196641e-09	3.187605e-01	1.707011e+02
5.520000e-06	2.281318e-11	1.133987e-09	2.299277e-01	1.618753e+02
5.530000e-06	1.383677e-11	1.068729e-09	1.411219e-01	1.529980e+02
5.540000e-06	4.862537e-12	1.006228e-09	5.232526e-02	1.440705e+02
5.550000e-06	-4.110620e-12	9.463948e-10	-3.646412e-02	1.350944e+02
5.560000e-06	-1.308522e-11	8.858155e-10	-1.252526e-01	1.260713e+02
5.570000e-06	-2.205885e-11	8.205953e-10	-2.140411e-01	1.170031e+02
5.580000e-06	-3.102793e-11	7.530624e-10	-3.027949e-01	1.078916e+02
5.590000e-06	-3.999107e-11	6.895979e-10	-3.914921e-01	9.873877e+01
5.600000e-06	-4.894925e-11	6.300626e-10	-4.801478e-01	8.954680e+01
5.610000e-06	-5.790727e-11	5.689398e-10	-5.687931e-01	8.031789e+01
5.620000e-06	-6.686266e-11	5.037897e-10	-6.573993e-01	7.105436e+01
5.630000e-06	-7.581265e-11	4.376584e-10	-7.459658e-01	6.175865e+01
5.640000e-06	-8.475883e-11	3.751587e-10	-8.344949e-01	5.243328e+01
5.650000e-06	-9.370243e-11	3.157185e-10	-9.229980e-01	4.308085e+01
5.660000e-06	-1.026424e-10	2.531456e-10	-1.011479e+00	3.370405e+01
5.670000e-06	-1.115761e-10	1.857170e-10	-1.099898e+00	2.430562e+01
5.680000e-06	-1.205050e-10	1.190137e-10	-1.188255e+00	1.488839e+01
5.690000e-06	-1.294274e-10	5.477212e-11	-1.276555e+00	5.455203e+00
5.700000e-06	-1.383383e-10	-1.047147e-11	-1.364776e+00	-3.991045e+00
5.710000e-06	-1.472378e-10	-7.672081e-11	-1.452869e+00	-1.344743e+01
5.720000e-06	-1.561231e-10	-1.413832e-10	-1.540812e+00	-2.291102e+01
5.730000e-06	-1.649931e-10	-2.027955e-10	-1.628619e+00	-3.237887e+01
5.740000e-06	-1.738487e-10	-2.607329e-10	-1.716271e+00	-4.184805e+01
5.750000e-06	-1.826893e-10	-3.200057e-10	-1.803779e+00	-5.131563e+01
5.760000e-06	-1.915140e-10	-3.865796e-10	-1.891153e+00	-6.077872e+01
5.770000e-06	-2.003211e-10	-4.569877e-10	-1.978340e+00	-7.023446e+01
5.780000e-06	-2.091121e-10	-5.224629e-10	-2.065356e+00	-7.968002e+01
5.790000e-06	-2.178852e-10	-5.831743e-10	-2.152204e+00	-8.911264e+01
5.800000e-06	-2.266408e-10	-6.458209e-10	-2.238875e+00	-9.852960e+01
5.810000e-06	-2.353743e-10	-7.114827e-10	-2.325348e+00	-1.079283e+02
5.820000e-06	-2.440803e-10	-7.756910e-10	-2.411581e+00	-1.173060e+02
5.830000e-06	-2.527619e-10	-8.377654e-10	-2.497559e+00	-1.266604e+02
5.840000e-06	-2.614189e-10	-9.006865e-10	-2.583279e+00	-1.359889e+02
5.850000e-06	-2.700562e-10	-9.658361e-10	-2.668782e+00	-1.452891e+02
5.860000e-06	-2.786769e-10	-1.032295e-09	-2.754083e+00	-1.545589e+02
5.870000e-06	-2.872769e-10	-1.097579e-09	-2.839173e+00	-1.637960e+02
5.880000e-06	-2.958566e-10	-1.158836e-09	-2.924067e+00	-1.729983e+02
5.890000e-06	-3.044195e-10	-1.217457e-09	-3.008791e+00	-1.821636e+02
5.900000e-06	-3.129711e-10	-1.278586e-09	-3.093393e+00	-1.912901e+02
5.910000e-06	-3.215144e-10	-1.344181e-09	-3.177903e+00	-2.003759e+02
5.920000e-06	-3.300483e-10	-1.410310e-09	-3.262309e+00	-2.094191e+02
5.930000e-06	-3.385728e-10	-1.472454e-09	-3.346635e+00	-2.184181e+02
5.940000e-06	-3.470908e-10	-1.534059e-09	-3.430905e+00	-2.273710e+02
5.950000e-06	-3.556006e-10	-1.600626e-09	-3.515096e+00	-2.362764e+02
5.960000e-06	-3.640995e-10	-1.667500e-09	-3.599203e+00	-2.451327e+02
5.970000e-06	-3.725844e-10	-1.725992e-09	-3.683180e+00	-2.539385e+02
5.980000e-06	-3.810529e-10	-1.778592e-09	-3.766986e+00	-2.626924e+02
5.990000e-06	-3.895005e-10	-1.834470e-09	-3.850596e+00	-2.713929e+02
6.000000e-06	-3.979162e-10	-1.896495e-09	-3.933928e+00	-2.800390e+02
6.010000e-06	-4.062990e-10	-1.958516e-09	-4.016939e+00	-2.886293e+02
6.020000e-06	-4.146483e-10	-2.015965e-09	-4.099589e+00	-2.971628e+02
6.030000e-06	-4.229608e-10	-2.074099e-09	-4.181881e+00	-3.056383e+02
6.040000e-06	-4.312386e-10	-2.136962e-09	-4.263827e+00	-3.140548e+02
6.050000e-06	-4.394811e-10	-2.198642e-09	-4.345419e+00	-3.224115e+02
6.060000e-06	-4.476927e-10	-2.252910e-09	-4.426693e+00	-3.307073e+02
6.070000e-06	-4.558783e-10	-2.302827e-09	-4.507680e+00	-3.389414e+02
6.080000e-06	-4.640369e-10	-2.356851e-09	-4.588403e+00	-3.471131e+02
6.090000e-06	-4.721687e-10	-2.416499e-09	-4.668874e+00	-3.552216e+02
6.100000e-06	-4.802731e-10	-2.474269e-09	-4.749076e+00	-3.632662e+02
6.110000e-06	-4.883459e-10	-2.528269e-09	-4.828975e+00	-3.712463e+02
6.120000e-06	-4.963875e-10	-2.584011e-09	-4.908583e+00	-3.791612e+02
6.130000e-06	-5.043928e-10	-2.640296e-09	-4.987850e+00	-3.870105e+02
6.140000e-06	-5.123489e-10	-2.693257e-09	-5.066627e+00	-3.947937e+02
6.150000e-06	-5.202552e-10	-2.744846e-09	-5.144881e+00	-4.025103e+02
6.160000e-06	-5.281137e-10	-2.796354e-09	-5.222654e+00	-4.101599e+02
6.170000e-06	-5.359316e-10	-2.848451e-09	-5.300030e+00	-4.177420e+02
6.180000e-06	-5.437183e-10	-2.902052e-09	-5.377084e+00	-4.252564e+02
6.190000e-06	-5.514788e-10	-2.955081e-09	-5.453867e+00	-4.327028e+02
6.200000e-06	-5.592201e-10	-3.005570e-09	-5.530458e+00	-4.400807e+02
6.210000e-06	-5.669468e-10	-3.054895e-09	-5.606903e+00	-4.473900e+02
6.220000e-06	-5.746573e-10	-3.105316e-09	-5.683198e+00	-4.546304e+02
6.230000e-06	-5.823471e-10	-3.156146e-09	-5.759300e+00	-4.618016e+02
6.240000e-06	-5.900099e-10	-3.204209e-09	-5.835139e+00	-4.689034e+02
6.250000e-06	-5.976361e-10	-3.248281e-09	-5.910637e+00	-4.759355e+02
6.260000e-06	-6.052132e-10	-3.291185e-09	-5.985680e+00	-4.828977e+02
6.270000e-06	-6.127287e-10	-3.336799e-09	-6.060147e+00	-4.897899e+02
6.280000e-06	-6.201766e-10	-3.383674e-09	-6.133971e+00	-4.966117e+02
6.290000e-06	-6.275484e-10	-3.429835e-09	-6.207062e+00	-5.033629e+02
6.300000e-06	-6.348384e-10	-3.477257e-09	-6.279344e+00	-5.100434e+02
6.310000e-06	-6.420485e-10	-3.524877e-09	-6.350790e+00	-5.166530e+02
6.320000e-06	-6.491828e-10	-3.570147e-09	-6.421453e+00	-5.231913e+02
6.330000e-06	-6.562506e-10	-3.612703e-09	-6.491437e+00	-5.296582e+02
6.340000e-06	-6.632633e-10	-3.652453e-09	-6.560851e+00	-5.360535e+02
6.350000e-06	-6.702370e-10	-3.690140e-09	-6.629847e+00	-5.423771e+02
6.360000e-06	-6.771833e-10	-3.729979e-09	-6.698563e+00	-5.486287e+02
6.370000e-06	-6.841077e-10	-3.773790e-09	-6.767077e+00	-5.548081e+02
6.380000e-06	-6.910069e-10	-3.816337e-09	-6.835363e+00	-5.609154e+02
6.390000e-06	-6.978742e-10	-3.856740e-09	-6.903360e+00	-5.669503e+02
6.400000e-06	-7.047041e-10	-3.899687e-09	-6.970997e+00	-5.729129e+02
6.410000e-06	-7.114886e-10	-3.942882e-09	-7.038194e+00	-5.788030e+02
6.420000e-06	-7.182128e-10	-3.981130e-09	-7.104818e+00	-5.846207e+02
6.430000e-06	-7.248766e-10	-4.017268e-09	-7.170834e+00	-5.903661e+02
6.440000e-06	-7.314872e-10	-4.053617e-09	-7.236287e+00	-5.960392e+02
6.450000e-06	-7.380462e-10	-4.087106e-09	-7.301199e+00	-6.016403e+02
6.460000e-06	-7.445600e-10	-4.120080e-09	-7.365661e+00	-6.071694e+02
6.470000e-06	-7.510292e-10	-4.157268e-09	-7.429695e+00	-6.126270e+02
6.480000e-06	-7.574472e-10	-4.197751e-09	-7.493241e+00	-6.180133e+02
6.490000e-06	-7.638037e-10	-4.237459e-09	-7.556200e+00	-6.233287e+02
6.500000e-06	-7.700968e-10	-4.274940e-09	-7.618531e+00	-6.285736e+02
6.510000e-06	-7.763331e-10	-4.306957e-09	-7.680277e+00	-6.337484e+02
6.520000e-06	-7.825202e-10	-4.332762e-09	-7.741506e+00	-6.388538e+02
6.530000e-06	-7.886702e-10	-4.360456e-09	-7.802351e+00	-6.438903e+02
6.540000e-06	-7.947872e-10	-4.393990e-09	-7.862883e+00	-6.488585e+02
6.550000e-06	-8.008698e-10	-4.428937e-09	-7.923090e+00	-6.537589e+02
6.560000e-06	-8.069055e-10	-4.465674e-09	-7.982842e+00	-6.585923e+02
6.570000e-06	-8.128713e-10	-4.507225e-09	-8.041916e+00	-6.633594e+02
6.580000e-06	-8.187573e-10	-4.547390e-09	-8.100191e+00	-6.680607e+02
6.590000e-06	-8.245555e-10	-4.578933e-09	-8.157625e+00	-6.726969e+02
6.600000e-06	-8.302552e-10	-4.604173e-09	-8.214128e+00	-6.772688e+02
6.610000e-06	-8.358606e-10	-4.629448e-09	-8.269696e+00	-6.817770e+02
6.620000e-06	-8.413815e-10	-4.656934e-09	-8.324408e+00	-6.862220e+02
6.630000e-06	-8.468268e-10	-4.686229e-09	-8.378318e+00	-6.906045e+02
6.640000e-06	-8.522147e-10	-4.717381e-09	-8.431617e+00	-6.949250e+02
6.650000e-06	-8.575646e-10	-4.751191e-09	-8.484537e+00	-6.991840e+02
6.660000e-06	-8.628846e-10	-4.787221e-09	-8.537158e+00	-7.033821e+02
6.670000e-06	-8.681688e-10	-4.820181e-09	-8.589432e+00	-7.075195e+02
6.680000e-06	-8.734022e-10	-4.844691e-09	-8.641237e+00	-7.115967e+02
6.690000e-06	-8.785681e-10	-4.864350e-09	-8.692412e+00	-7.156139e+02
6.700000e-06	-8.836602e-10	-4.884731e-09	-8.742861e+00	-7.195715e+02
6.710000e-06	-8.886902e-10	-4.909301e-09	-8.792675e+00	-7.234697e+02
6.720000e-06	-8.936634e-10	-4.938779e-09	-8.841916e+00	-7.273086e+02
6.730000e-06	-8.985749e-10	-4.968860e-09	-8.890547e+00	-7.310883e+02
6.740000e-06	-9.034232e-10	-4.995670e-09	-8.938586e+00	-7.348090e+02
6.750000e-06	-9.082043e-10	-5.021516e-09	-8.985955e+00	-7.384707e+02
6.760000e-06	-9.129145e-10	-5.050644e-09	-9.032593e+00	-7.420735e+02
6.770000e-06	-9.175579e-10	-5.078819e-09	-9.078565e+00	-7.456175e+02
6.780000e-06	-9.221482e-10	-5.099343e-09	-9.124000e+00	-7.491027e+02
6.790000e-06	-9.266983e-10	-5.116539e-09	-9.169034e+00	-7.525292e+02
6.800000e-06	-9.312141e-10	-5.138458e-09	-9.213725e+00	-7.558970e+02
6.810000e-06	-9.356865e-10	-5.165144e-09	-9.257995e+00	-7.592064e+02
6.820000e-06	-9.400962e-10	-5.191189e-09	-9.301666e+00	-7.624574e+02
6.830000e-06	-9.444251e-10	-5.214290e-09	-9.344549e+00	-7.656503e+02
6.840000e-06	-9.486544e-10	-5.235310e-09	-9.386488e+00	-7.687854e+02
6.850000e-06	-9.527728e-10	-5.255422e-09	-9.427325e+00	-7.718630e+02
6.860000e-06	-9.567803e-10	-5.274285e-09	-9.467019e+00	-7.748835e+02
6.870000e-06	-9.606903e-10	-5.290546e-09	-9.505746e+00	-7.778474e+02
6.880000e-06	-9.645263e-10	-5.308005e-09	-9.543717e+00	-7.807551e+02
6.890000e-06	-9.683070e-10	-5.328913e-09	-9.581108e+00	-7.836074e+02
6.900000e-06	-9.720461e-10	-5.349055e-09	-9.618077e+00	-7.864048e+02
6.910000e-06	-9.757468e-10	-5.367719e-09	-9.654679e+00	-7.891482e+02
6.920000e-06	-9.793959e-10	-5.387416e-09	-9.690806e+00	-7.918382e+02
6.930000e-06	-9.829775e-10	-5.405518e-09	-9.726293e+00	-7.944758e+02
6.940000e-06	-9.864851e-10	-5.420255e-09	-9.761071e+00	-7.970618e+02
6.950000e-06	-9.899204e-10	-5.437724e-09	-9.795114e+00	-7.995971e+02
6.960000e-06	-9.932899e-10	-5.458645e-09	-9.828462e+00	-8.020825e+02
6.970000e-06	-9.966012e-10	-5.475615e-09	-9.861239e+00	-8.045191e+02
6.980000e-06	-9.998501e-10	-5.489382e-09	-9.893424e+00	-8.069076e+02
6.990000e-06	-1.003026e-09	-5.503859e-09	-9.924887e+00	-8.092488e+02
7.000000e-06	-1.006125e-09	-5.517356e-09	-9.955582e+00	-8.115437e+02
7.010000e-06	-1.009157e-09	-5.530529e-09	-9.985602e+00	-8.137929e+02
7.020000e-06	-1.012138e-09	-5.546749e-09	-1.001510e+01	-8.159971e+02
7.030000e-06	-1.015077e-09	-5.564289e-09	-1.004417e+01	-8.181568e+02
7.040000e-06	-1.017969e-09	-5.579363e-09	-1.007280e+01	-8.202726e+02
7.050000e-06	-1.020791e-09	-5.591279e-09	-1.010078e+01	-8.223446e+02
7.060000e-06	-1.023512e-09	-5.602074e-09	-1.012776e+01	-8.243733e+02
7.070000e-06	-1.026106e-09	-5.613777e-09	-1.015354e+01	-8.263586e+02
7.080000e-06	-1.028571e-09	-5.626471e-09	-1.017805e+01	-8.283005e+02
7.090000e-06	-1.030919e-09	-5.637600e-09	-1.020137e+01	-8.301989e+02
7.100000e-06	-1.033174e-09	-5.647980e-09	-1.022373e+01	-8.320534e+02
7.110000e-06	-1.035359e-09	-5.662477e-09	-1.024534e+01	-8.338636e+02
7.120000e-06	-1.037485e-09	-5.679056e-09	-1.026637e+01	-8.356291e+02
7.130000e-06	-1.039545e-09	-5.690147e-09	-1.028677e+01	-8.373489e+02
7.140000e-06	-1.041523e-09	-5.695742e-09	-1.030639e+01	-8.390226e+02
7.150000e-06	-1.043419e-09	-5.701652e-09	-1.032521e+01	-8.406490e+02
7.160000e-06	-1.045244e-09	-5.710324e-09	-1.034331e+01	-8.422274e+02
7.170000e-06	-1.047004e-09	-5.720885e-09	-1.036076e+01	-8.437568e+02
7.180000e-06	-1.048698e-09	-5.732592e-09	-1.037755e+01	-8.452360e+02
7.190000e-06	-1.050326e-09	-5.746526e-09	-1.039368e+01	-8.466642e+02
7.200000e-06	-1.051878e-09	-5.761091e-09	-1.040906e+01	-8.480402e+02
7.210000e-06	-1.053347e-09	-5.772069e-09	-1.042363e+01	-8.493630e+02
7.220000e-06	-1.054752e-09	-5.778385e-09	-1.043754e+01	-8.506318e+02
7.230000e-06	-1.056107e-09	-5.783329e-09	-1.045093e+01	-8.518455e+02
7.240000e-06	-1.057418e-09	-5.790715e-09	-1.046391e+01	-8.530036e+02
7.250000e-06	-1.058678e-09	-5.799495e-09	-1.047641e+01	-8.541051e+02
7.260000e-06	-1.059859e-09	-5.808019e-09	-1.048817e+01	-8.551497e+02
7.270000e-06	-1.060933e-09	-5.817104e-09	-1.049889e+01	-8.561368e+02
7.280000e-06	-1.061891e-09	-5.827356e-09	-1.050846e+01	-8.570663e+02
7.290000e-06	-1.062736e-09	-5.835793e-09	-1.051691e+01	-8.579379e+02
7.300000e-06	-1.063470e-09	-5.839793e-09	-1.052424e+01	-8.587519e+02
7.310000e-06	-1.064114e-09	-5.845227e-09	-1.053065e+01	-8.595084e+02
7.320000e-06	-1.064692e-09	-5.861992e-09	-1.053638e+01	-8.602078e+02
7.330000e-06	-1.065211e-09	-5.879425e-09	-1.054152e+01	-8.608507e+02
7.340000e-06	-1.065654e-09	-5.871585e-09	-1.054594e+01	-8.614379e+02
7.350000e-06	-1.065998e-09	-5.841888e-09	-1.054939e+01	-8.619703e+02
7.360000e-06	-1.066264e-09	-5.780800e-09	-1.055204e+01	-8.624489e+02
7.370000e-06	-1.066529e-09	-5.766334e-09	-1.055461e+01	-8.628750e+02
7.380000e-06	-1.066837e-09	-5.831303e-09	-1.055761e+01	-8.632497e+02
7.390000e-06	-1.067139e-09	-5.858398e-09	-1.056062e+01	-8.635745e+02
7.400000e-06	-1.067343e-09	-5.915901e-09	-1.056271e+01	-8.638509e+02
